40 40
0.0000 0.0000 0.0000 0.0000 0.0000 0.0000 0.0000 0.0000 0.0000 0.0000 0.0000 0.0000 0.0000 0.0000 0.0000 0.0000 0.0000 0.0000 0.0000 0.0513 0.0945 0.0945 0.0513 0.0000 0.0000 0.0000 0.0000 0.0000 0.0000 0.0000 0.0000 0.0000 0.0000 0.0000 0.0000 0.0000 0.0000 0.0000 0.0000 0.0000 
0.0000 0.0000 0.0000 0.0000 0.0000 0.0000 0.0000 0.0000 0.0000 0.0000 0.0000 0.0000 0.0000 0.0000 0.0000 0.0000 0.0000 0.0101 0.1398 0.2384 0.2929 0.2929 0.2384 0.1398 0.0101 0.0000 0.0000 0.0000 0.0000 0.0000 0.0000 0.0000 0.0000 0.0000 0.0000 0.0000 0.0000 0.0000 0.0000 0.0000 
0.0000 0.0000 0.0000 0.0000 0.0000 0.0000 0.0000 0.0000 0.0000 0.0513 0.0945 0.0945 0.0513 0.0000 0.0000 0.0000 0.0000 0.1398 0.2929 0.4169 0.4901 0.4901 0.4169 0.2929 0.1398 0.0000 0.0000 0.0000 0.0000 0.0000 0.0000 0.0000 0.0513 0.0945 0.0945 0.0513 0.0000 0.0000 0.0000 0.0000 
0.0000 0.0000 0.0000 0.0000 0.0000 0.0000 0.0000 0.0101 0.1398 0.2384 0.2929 0.2929 0.2384 0.1398 0.0101 0.0000 0.0513 0.2384 0.4169 0.5757 0.6838 0.6838 0.5757 0.4169 0.2384 0.0513 0.0000 0.0000 0.0000 0.0000 0.0101 0.1398 0.2384 0.2929 0.2929 0.2384 0.1398 0.0101 0.0000 0.0000 
0.0000 0.0000 0.0000 0.0000 0.0000 0.0000 0.0000 0.1398 0.2929 0.4169 0.4901 0.4901 0.4169 0.2929 0.1398 0.0000 0.0945 0.2929 0.4901 0.6838 0.9099 0.9531 0.7783 0.5414 0.2929 0.0945 0.0000 0.0000 0.0000 0.0000 0.1398 0.2929 0.4169 0.4901 0.4901 0.4169 0.2929 0.1398 0.0000 0.0000 
0.0000 0.0000 0.0000 0.0000 0.0000 0.0000 0.0513 0.2384 0.4169 0.5757 0.6838 0.6838 0.5757 0.4169 0.2384 0.0513 0.0945 0.2929 0.5002 0.8236 1.0000 1.0000 0.9767 0.7285 0.4327 0.1046 0.0000 0.0000 0.0000 0.0513 0.2384 0.4169 0.5757 0.6838 0.6838 0.5757 0.4169 0.2384 0.0513 0.0000 
0.0000 0.0000 0.0000 0.0000 0.0000 0.0000 0.0945 0.2929 0.4901 0.6838 0.8586 0.8586 0.6838 0.4901 0.2929 0.0945 0.0513 0.2384 0.5567 0.8686 1.0000 1.0000 1.0000 0.8338 0.5313 0.1911 0.0000 0.0000 0.0000 0.0945 0.2929 0.4901 0.6838 0.8586 0.8586 0.6838 0.4901 0.2929 0.0945 0.0000 
0.0000 0.0000 0.0000 0.0000 0.0000 0.0000 0.0945 0.2929 0.4901 0.6838 0.8586 0.8586 0.6838 0.4901 0.2929 0.0945 0.0000 0.1911 0.5313 0.8338 1.0000 1.0000 1.0000 0.8686 0.5567 0.2384 0.0513 0.0000 0.0000 0.0945 0.2929 0.4901 0.6838 0.8586 0.8586 0.6838 0.4901 0.2929 0.0945 0.0000 
0.0000 0.0000 0.0000 0.0000 0.0000 0.0000 0.0513 0.2384 0.4169 0.5757 0.6838 0.6838 0.5757 0.4169 0.2384 0.0513 0.0000 0.1046 0.4327 0.7285 0.9767 1.0000 1.0000 0.8236 0.5002 0.2929 0.0945 0.0000 0.0000 0.0513 0.2384 0.4169 0.5757 0.6838 0.6838 0.5757 0.4169 0.2384 0.0513 0.0000 
0.0000 0.0000 0.0000 0.0000 0.0000 0.0000 0.0000 0.1398 0.2929 0.4169 0.4901 0.4901 0.4169 0.2929 0.1398 0.0000 0.0000 0.0945 0.2929 0.5414 0.7783 0.9531 0.9099 0.6838 0.4901 0.2929 0.0945 0.0000 0.0000 0.0000 0.1398 0.2929 0.4169 0.4901 0.4901 0.4169 0.3442 0.2343 0.0945 0.0513 
0.0000 0.0000 0.0000 0.0000 0.0000 0.0000 0.0000 0.0101 0.1398 0.2384 0.2929 0.2929 0.2384 0.1398 0.0101 0.0000 0.0000 0.0513 0.2384 0.4169 0.5757 0.6838 0.6838 0.5757 0.4169 0.2384 0.0513 0.0000 0.0513 0.0945 0.1046 0.1911 0.2384 0.2929 0.3030 0.3782 0.3782 0.3030 0.2929 0.2384 
0.0000 0.0000 0.0000 0.0000 0.0000 0.0000 0.0000 0.0000 0.0000 0.0513 0.0945 0.0945 0.0513 0.0000 0.0000 0.0000 0.0000 0.0000 0.1398 0.2929 0.4169 0.4901 0.4901 0.4169 0.2929 0.1398 0.0101 0.1398 0.2384 0.2929 0.2929 0.2384 0.1911 0.1046 0.2343 0.3442 0.4169 0.4901 0.4901 0.4169 
0.0000 0.0000 0.0000 0.0000 0.0000 0.0000 0.0000 0.0000 0.0000 0.0000 0.0000 0.0000 0.0000 0.0000 0.0000 0.0000 0.0000 0.0000 0.0101 0.1398 0.2384 0.2929 0.2929 0.2384 0.1398 0.0101 0.1398 0.2929 0.4169 0.4901 0.4901 0.4169 0.2929 0.1911 0.2384 0.4169 0.5757 0.6838 0.6838 0.5757 
0.0000 0.0000 0.0000 0.0000 0.0000 0.0000 0.0000 0.0000 0.0000 0.0000 0.0000 0.0000 0.0000 0.0000 0.0000 0.0000 0.0000 0.0000 0.0000 0.0000 0.0513 0.0945 0.0945 0.0513 0.0000 0.0513 0.2384 0.4169 0.5757 0.6838 0.6838 0.5757 0.4169 0.3329 0.3442 0.4901 0.6838 0.8586 0.8586 0.6838 
0.0000 0.0000 0.0000 0.0000 0.0000 0.0000 0.0000 0.0000 0.0000 0.0000 0.0000 0.0000 0.0000 0.0000 0.0000 0.0000 0.0000 0.0000 0.0513 0.0945 0.0945 0.0513 0.0000 0.0000 0.0000 0.0945 0.2929 0.4901 0.6838 0.8586 0.8586 0.6838 0.4901 0.3874 0.3874 0.4901 0.6838 0.8586 0.8586 0.6838 
0.0000 0.0000 0.0000 0.0000 0.0000 0.0000 0.0000 0.0000 0.0000 0.0000 0.0000 0.0000 0.0000 0.0000 0.0000 0.0000 0.0101 0.1398 0.2384 0.2929 0.2929 0.2384 0.1398 0.0101 0.0000 0.0945 0.2929 0.4901 0.6838 0.8586 0.8586 0.6838 0.4901 0.3442 0.3329 0.4169 0.5757 0.6838 0.6838 0.5757 
0.0000 0.0000 0.0000 0.0000 0.0000 0.0000 0.0000 0.0000 0.0000 0.0000 0.0513 0.0945 0.0945 0.0513 0.0000 0.0000 0.1398 0.2929 0.4169 0.4901 0.4901 0.4169 0.2929 0.1398 0.0000 0.0513 0.2384 0.4169 0.5757 0.6838 0.6838 0.5757 0.4169 0.2384 0.1911 0.2929 0.4169 0.4901 0.4901 0.4169 
0.0000 0.0000 0.0000 0.0000 0.0000 0.0000 0.0000 0.0000 0.0101 0.1398 0.2384 0.2929 0.2929 0.2384 0.1398 0.0614 0.2384 0.4169 0.5757 0.6838 0.6838 0.5757 0.4169 0.2384 0.0513 0.0000 0.1398 0.2929 0.4169 0.4901 0.4901 0.4169 0.2929 0.1398 0.0101 0.1398 0.2384 0.2929 0.2929 0.2384 
0.0000 0.0000 0.0000 0.0000 0.0000 0.0000 0.0000 0.0000 0.1398 0.2929 0.4169 0.4901 0.4901 0.4169 0.2929 0.2343 0.2929 0.4901 0.6838 0.8586 0.8586 0.6838 0.4901 0.2929 0.0945 0.0000 0.0101 0.1398 0.2384 0.2929 0.2929 0.2384 0.1398 0.0101 0.0000 0.0000 0.0513 0.0945 0.0945 0.0513 
0.0000 0.0000 0.0000 0.0000 0.0000 0.0000 0.0000 0.0513 0.2384 0.4169 0.5757 0.6838 0.6838 0.5757 0.4169 0.3329 0.3442 0.4901 0.6838 0.8586 0.8586 0.6838 0.4901 0.2929 0.0945 0.0000 0.0000 0.0000 0.0513 0.0945 0.0945 0.0513 0.0000 0.0000 0.0000 0.0000 0.0000 0.0000 0.0000 0.0000 
0.0000 0.0000 0.0000 0.0000 0.0000 0.0000 0.0000 0.0945 0.2929 0.4901 0.6838 0.8586 0.8586 0.6838 0.4901 0.3442 0.3329 0.4169 0.5757 0.6838 0.6838 0.5757 0.4169 0.2384 0.0513 0.0000 0.0000 0.0000 0.0000 0.0000 0.0000 0.0000 0.0000 0.0000 0.0000 0.0000 0.0000 0.0000 0.0000 0.0000 
0.0000 0.0000 0.0000 0.0000 0.0000 0.0000 0.0000 0.0945 0.2929 0.4901 0.6838 0.8586 0.8586 0.6838 0.4901 0.2929 0.2343 0.2929 0.4169 0.4901 0.4901 0.4169 0.2929 0.1398 0.0000 0.0000 0.0000 0.0000 0.0000 0.0000 0.0000 0.0000 0.0000 0.0000 0.0000 0.0000 0.0000 0.0000 0.0000 0.0000 
0.0000 0.0000 0.0000 0.0000 0.0000 0.0000 0.0000 0.0513 0.2384 0.4169 0.5757 0.6838 0.6838 0.5757 0.4169 0.2384 0.0614 0.1398 0.2384 0.2929 0.2929 0.2384 0.1398 0.0101 0.0000 0.0000 0.0000 0.0000 0.0000 0.0000 0.0000 0.0000 0.0000 0.0000 0.0000 0.0000 0.0000 0.0000 0.0000 0.0000 
0.0000 0.0000 0.0000 0.0000 0.0000 0.0000 0.0000 0.0000 0.1398 0.2929 0.4169 0.4901 0.4901 0.4169 0.2929 0.1398 0.0000 0.0000 0.0513 0.0945 0.0945 0.0513 0.0000 0.0000 0.0000 0.0000 0.0000 0.0000 0.0000 0.0000 0.0000 0.0000 0.0000 0.0000 0.0000 0.0000 0.0000 0.0000 0.0000 0.0000 
0.0000 0.0000 0.0000 0.0000 0.0000 0.0000 0.0000 0.0000 0.0101 0.1398 0.2384 0.2929 0.2929 0.2384 0.1398 0.0101 0.0000 0.0000 0.0000 0.0000 0.0000 0.0000 0.0000 0.0000 0.0000 0.0000 0.0000 0.0000 0.0000 0.0000 0.0000 0.0000 0.0000 0.0000 0.0000 0.0000 0.0000 0.0000 0.0000 0.0000 
0.0000 0.0000 0.0000 0.0000 0.0000 0.0000 0.0000 0.0000 0.0000 0.0000 0.0513 0.0945 0.0945 0.0513 0.0000 0.0000 0.0000 0.0000 0.0000 0.0000 0.0000 0.0000 0.0000 0.0000 0.0000 0.0000 0.0000 0.0000 0.0000 0.0000 0.0000 0.0000 0.0000 0.0000 0.0000 0.0000 0.0000 0.0000 0.0000 0.0000 
0.0000 0.0000 0.0000 0.0000 0.0000 0.0000 0.0000 0.0000 0.0000 0.0000 0.0000 0.0000 0.0000 0.0000 0.0000 0.0000 0.0000 0.0000 0.0000 0.0000 0.0000 0.0000 0.0000 0.0000 0.0000 0.0000 0.0000 0.0000 0.0000 0.0000 0.0000 0.0000 0.0000 0.0000 0.0000 0.0000 0.0000 0.0000 0.0000 0.0000 
0.0000 0.0000 0.0000 0.0000 0.0000 0.0000 0.0000 0.0000 0.0000 0.0000 0.0000 0.0000 0.0000 0.0000 0.0000 0.0000 0.0000 0.0000 0.0000 0.0000 0.0000 0.0000 0.0000 0.0000 0.0000 0.0000 0.0000 0.0000 0.0000 0.0000 0.0000 0.0000 0.0000 0.0000 0.0000 0.0000 0.0000 0.0000 0.0000 0.0000 
0.0000 0.0000 0.0000 0.0000 0.0000 0.0000 0.0000 0.0000 0.0000 0.0000 0.0000 0.0000 0.0000 0.0000 0.0000 0.0000 0.0000 0.0000 0.0000 0.0000 0.0000 0.0000 0.0000 0.0000 0.0000 0.0000 0.0000 0.0000 0.0000 0.0000 0.0000 0.0000 0.0000 0.0000 0.0000 0.0000 0.0000 0.0000 0.0000 0.0000 
0.0000 0.0000 0.0000 0.0000 0.0000 0.0000 0.0000 0.0000 0.0000 0.0000 0.0000 0.0000 0.0000 0.0000 0.0000 0.0000 0.0000 0.0000 0.0000 0.0000 0.0000 0.0000 0.0000 0.0000 0.0000 0.0000 0.0000 0.0000 0.0000 0.0000 0.0000 0.0000 0.0000 0.0000 0.0000 0.0000 0.0000 0.0000 0.0000 0.0000 
0.0000 0.0000 0.0000 0.0000 0.0000 0.0000 0.0000 0.0000 0.0000 0.0000 0.0000 0.0000 0.0000 0.0000 0.0000 0.0000 0.0000 0.0000 0.0000 0.0000 0.0000 0.0000 0.0000 0.0000 0.0000 0.0000 0.0000 0.0000 0.0000 0.0000 0.0000 0.0000 0.0000 0.0000 0.0000 0.0000 0.0000 0.0000 0.0000 0.0000 
0.0000 0.0000 0.0000 0.0513 0.0945 0.0945 0.0513 0.0000 0.0000 0.0000 0.0000 0.0000 0.0000 0.0000 0.0000 0.0000 0.0000 0.0000 0.0000 0.0000 0.0000 0.0000 0.0000 0.0000 0.0000 0.0000 0.0000 0.0000 0.0000 0.0000 0.0000 0.0000 0.0000 0.0000 0.0000 0.0000 0.0000 0.0000 0.0000 0.0000 
0.0000 0.0101 0.1398 0.2384 0.2929 0.2929 0.2384 0.1398 0.0101 0.0000 0.0000 0.0000 0.0000 0.0000 0.0000 0.0000 0.0000 0.0000 0.0000 0.0000 0.0000 0.0000 0.0000 0.0000 0.0000 0.0000 0.0000 0.0000 0.0000 0.0000 0.0000 0.0000 0.0000 0.0000 0.0000 0.0000 0.0000 0.0000 0.0000 0.0000 
0.0000 0.1398 0.2929 0.4169 0.4901 0.4901 0.4169 0.2929 0.1398 0.0000 0.0000 0.0000 0.0000 0.0000 0.0000 0.0000 0.0000 0.0000 0.0000 0.0000 0.0000 0.0000 0.0000 0.0000 0.0000 0.0000 0.0000 0.0000 0.0000 0.0000 0.0000 0.0000 0.0000 0.0000 0.0000 0.0000 0.0000 0.0000 0.0000 0.0000 
0.0513 0.2384 0.4169 0.5757 0.6838 0.6838 0.5757 0.4169 0.2384 0.0513 0.0000 0.0000 0.0000 0.0000 0.0000 0.0000 0.0000 0.0000 0.0000 0.0000 0.0000 0.0000 0.0000 0.0000 0.0000 0.0000 0.0000 0.0000 0.0000 0.0000 0.0000 0.0000 0.0000 0.0000 0.0000 0.0000 0.0000 0.0000 0.0000 0.0000 
0.0945 0.2929 0.4901 0.6838 0.8586 0.8586 0.6838 0.4901 0.2929 0.0945 0.0000 0.0000 0.0000 0.0000 0.0000 0.0000 0.0000 0.0000 0.0000 0.0000 0.0000 0.0000 0.0000 0.0000 0.0000 0.0000 0.0000 0.0000 0.0000 0.0000 0.0000 0.0000 0.0000 0.0000 0.0000 0.0000 0.0000 0.0000 0.0000 0.0000 
0.0945 0.2929 0.4901 0.6838 0.8586 0.8586 0.6838 0.4901 0.2929 0.0945 0.0000 0.0000 0.0000 0.0000 0.0000 0.0000 0.0000 0.0000 0.0000 0.0000 0.0000 0.0000 0.0000 0.0000 0.0000 0.0000 0.0000 0.0000 0.0000 0.0000 0.0000 0.0000 0.0000 0.0000 0.0000 0.0000 0.0000 0.0000 0.0000 0.0000 
0.0513 0.2384 0.4169 0.5757 0.6838 0.6838 0.5757 0.4169 0.2384 0.0513 0.0000 0.0000 0.0000 0.0000 0.0000 0.0000 0.0000 0.0000 0.0000 0.0000 0.0000 0.0000 0.0000 0.0000 0.0000 0.0000 0.0000 0.0000 0.0000 0.0000 0.0000 0.0000 0.0000 0.0000 0.0000 0.0000 0.0000 0.0000 0.0000 0.0000 
0.0000 0.1398 0.2929 0.4169 0.4901 0.4901 0.4169 0.2929 0.1398 0.0000 0.0000 0.0000 0.0000 0.0000 0.0000 0.0000 0.0000 0.0000 0.0000 0.0000 0.0000 0.0000 0.0000 0.0000 0.0000 0.0000 0.0000 0.0000 0.0000 0.0000 0.0000 0.0000 0.0000 0.0000 0.0000 0.0000 0.0000 0.0000 0.0000 0.0000 
0.0000 0.0101 0.1398 0.2384 0.2929 0.2929 0.2384 0.1398 0.0101 0.0000 0.0000 0.0000 0.0000 0.0000 0.0000 0.0000 0.0000 0.0000 0.0000 0.0000 0.0000 0.0000 0.0000 0.0000 0.0000 0.0000 0.0000 0.0000 0.0000 0.0000 0.0000 0.0000 0.0000 0.0000 0.0000 0.0000 0.0000 0.0000 0.0000 0.0000 
